7.51632 -25 2
7.51632 -23 2
7.51632 -21 2
7.51632 -19 2
7.51632 -17 2
7.51632 -15 2
7.51632 -13 2
7.51632 -11 2
7.51632 -9 2
7.51632 -7 2
7.51632 -6 2
7.51632 -4 2.81768
7.51632 -2 3.55750
7.51632 0 4.39936
7.27623 2 5.34351
6.35352 4 6.29698
5.08960 5.5 7.51867
3.60869 6.5 8.54208
2.19045 7.11961 9.37935
1 7.4101 10.09701
-1 7.48698 10.60109
-2.34306 7.24093 10.28327
-3.47474 6.86421 9.25886
-4.44579 6.19795 7.76844
-5.11065 5.67028 6.24912
-5.70165 5.12150 4.95858
-6.28208 4.30889 3.71083
-6.67256 3.69679 2.96285
-7.34797 2 2
-7.65191 0 2
-7.52152 -2 2
-7.52152 -4 2
-7.52152 -6 2
-7.52152 -8 2
-7.52152 -10 2
-7.52152 -12 2
-7.52152 -14 2
-7.52152 -16 2
-7.52152 -18 2
-7.52152 -20 2
-7.52152 -22 2
-7.52152 -24 2
-7.52152 -26 2.29946
-7.52152 -28 2.71344
-7.58717 -29.23713 3.23684
-7.74036 -30.15105 3.78926
-8.13851 -31.17558 5.22404
-8.63089 -31.35550 7.14374
-8.97525 -30.74549 9.04892
-9.36034 -28.74850 11.06262
-9.36034 -27.65983 11.21591
-9.36034 -26.10139 11.08817
-9.36034 -26.36411 10.96042
-9.36034 -23.06115 9.98959
-9.36034 -22.47354 8.91656
-9.36034 -22.16696 7.30702
-9.36034 -22.24360 6.10626
-9.36034 -22.85676 4.62446
-9.36034 -24.21082 2.98937
-9.36034 -25.87145 2
-9.36034 -27 2
-9.36034 -29 2
-9.36034 -31 2
-9.36034 -33 2
-9.36034 -35 2
-9.36034 -37 2
-9.36034 -39 2
-9.36034 -41 2
-9 -42.5 2
-8.18068 -44.5 2
-7 -46.29621 2
-5 -48 2
-2.76263 -48.85082 2
0.35709 -49.32351 2
2.62597 -49 2
4.35915 -48.14916 2
6.12383 -47 2
7.5 -45.5 2
8.66595 -43.5 2
9.20116 -42 2
9.32771 -39.5 2
9 -37 2
8.27552 -34.5 2
7.77648 -32.5 2
7.51632 -31 2
7.51632 -29 2
7.51632 -27 2
7.51632 -25 2
7.51632 -23 2
7.51632 -21 2
7.51632 -19 2
7.51632 -17 2
7.51632 -15 2
7.51632 -13 2
7.51632 -11 2
7.51632 -9 2
7.51632 -7 2
7.51632 -6 2
7.51632 -4 2.81768
7.51632 -2 3.55750
7.51632 0 4.39936
7.27623 2 5.34351
6.35352 4 6.29698
5.08960 5.5 7.51867
3.60869 6.5 8.54208
2.19045 7.11961 9.37935
1 7.4101 10.09701
-1 7.48698 10.60109
-2.34306 7.24093 10.28327
-3.47474 6.86421 9.25886
-4.44579 6.19795 7.76844
-5.11065 5.67028 6.24912
-5.70165 5.12150 4.95858
-6.28208 4.30889 3.71083
-6.67256 3.69679 2.96285
-7.34797 2 2
-7.65191 0 2
-7.52152 -2 2
-7.52152 -4 2
-7.52152 -6 2
-7.52152 -8 2
-7.52152 -10 2
-7.52152 -12 2
-7.52152 -14 2
-7.52152 -16 2
-7.52152 -18 2
-7.52152 -20 2
-7.52152 -22 2
-7.52152 -24 2
-7.52152 -26 2.29946
-7.52152 -28 2.71344
-7.58717 -29.23713 3.23684
-7.74036 -30.15105 3.78926
-8.13851 -31.17558 5.22404
-8.63089 -31.35550 7.14374
-8.97525 -30.74549 9.04892
-9.36034 -28.74850 11.06262
-9.36034 -27.65983 11.21591
-9.36034 -26.10139 11.08817
-9.36034 -26.36411 10.96042
-9.36034 -23.06115 9.98959
-9.36034 -22.47354 8.91656
-9.36034 -22.16696 7.30702
-9.36034 -22.24360 6.10626
-9.36034 -22.85676 4.62446
-9.36034 -24.21082 2.98937
-9.36034 -25.87145 2
-9.36034 -27 2
-9.36034 -29 2
-9.36034 -31 2
-9.36034 -33 2
-9.36034 -35 2
-9.36034 -37 2
-9.36034 -39 2
-9.36034 -41 2
-9 -42.5 2
-8.18068 -44.5 2
-7 -46.29621 2
-5 -48 2
-2.76263 -48.85082 2
0.35709 -49.32351 2
2.62597 -49 2
4.35915 -48.14916 2
6.12383 -47 2
7.5 -45.5 2
8.66595 -43.5 2
9.20116 -42 2
9.32771 -39.5 2
9 -37 2
8.27552 -34.5 2
7.77648 -32.5 2
7.51632 -31 2
7.51632 -29 2
7.51632 -27 2