-9.36034 0.5 31
-9.36034 0.5 34
-9.36034 0.5 37
-9.36034 0.5 39
-9.36034 0.5 41
-9 0.5 42.5
-8.18068 0.5 44.5
-7 0.5 46.29621
-5 0.5 48
-2.76263 0.5 48.85082
0.35709	0.5 49.32351
2.62597	0.5 49
4.35915	0.5 48.14916
6.12383	0.5 47
7.5 0.5	45.5
8.66595	0.5 43.5
9.20116	0.5 42
9.32771	0.5 39.5
9 0.5 37
8.27552	0.5 34.5
7.77648	0.5 32.5
7.51632	0.5 31
7.51632	0.5 29
7.51632	0.5 27
7.51632	0.5 25
7.51632	0.5 22
7.51632	0.5 19
7.51632	0.5 16
7.51632	0.5 13
7.51632	0.5 10
7.51632	0.5 7
7.51632	0.5 6
7.51632	1.31768	4
7.51632	2.0575	2
7.51632	2.89936	0
7.27623	3.84351	-2
6.35352	4.79698	-4
5.0896	6.01867	-5.5
3.60869	7.04208	-6.5
2.19045	7.87935	-7.11961
1 8.59701 -7.4101
-1 9.10109 -7.48698
-3.47474 7.75886 -6.86421
-5.11065 4.74912 -5.67028
-6.28208 2.21083 -4.30889
-7.34797 0.5 -2
-7.65191 0.5 0
-7.52152 0.5 4
-7.52152 0.5 8
-7.52152 0.5 12
-7.52152 0.5 16
-7.52152 0.5 20
-7.52152 0.5 24
-7.52152 0.79946 26
-7.52152 1.21344 28
-7.58717 1.73684 29.23713
-7.74036 2.28926 30.15105
-8.13851 3.72404 31.17558
-8.63089 5.64374 31.3555
-8.97525 7.54892 31.96174
-9.36034 9.56262 31.48261
-9.36034 11.22701 29.67666
-9.36034 11.96414 27.35472
-9.36034 11.89042 24.51679
-9.36034 10.07320 22.49482
-9.36034 7.59053 21.54782
-9.36034 5.21024 21.77817
-9.36034 3.52099 22.52041
-9.36034 1.98532 23.92811
-9.36034 0.8 25.87145
-9.36034 0.5 27
-9.36034 0.5 31